% -------------------------------------------------------------------
%  Generated by MATLAB on 12-Nov-2020 20:15:36
%  MATLAB version: 9.2.0.538062 (R2017a)
% -------------------------------------------------------------------
                                     

ans = 'Hello World!';

